1,1
2,1
3,1
4,2
5,2
6,1
7,2
8,1
9,2
10,1
11,0
12,7
13,0
14,0
15,1
16,1
17,1
18,1
19,1
20,4
21,7
22,1
23,11
24,1
25,6
26,6
27,1
28,6
29,11
30,7
31,1
32,0
33,7
34,1
35,3
36,1
37,14
38,9
39,9
40,5
41,0
42,1
43,14
44,14
45,1
46,9
47,1
48,1
49,0
50,0
51,1
52,0
53,1
54,1
55,1
56,3
57,9
58,12
59,5
60,5
61,7
62,1
63,9
64,1
65,1
66,1
67,6
68,5
69,1
70,6
71,1
72,5
73,5
74,0
75,1
76,1
77,0
78,1
79,5
80,9
81,6
82,5
83,1
84,1
85,3
86,14
87,0
88,10
89,7
90,7
91,6
92,6
93,5
94,1
95,0
96,0
97,0
98,0
99,2
100,0
101,1
102,1
103,14
104,1
105,1
106,1
107,1
108,1
109,4
110,1
111,1
112,1
113,1
114,5
115,5
116,1
117,0
118,7
119,14
120,1
121,5
122,1
123,1
124,6
125,2
126,5
127,0
128,0
129,9
130,1
131,0
132,1
133,5
134,0
135,1
136,1
137,1
138,1
139,1
140,0
141,1
142,1
143,0
144,1
145,5
146,1
147,1
148,1
149,5
150,5
151,1
152,1
153,1
154,1
155,1
156,1
157,1
158,5
159,1
160,1
161,1
162,1
163,1
164,1
165,1
166,1
167,1
168,1
169,1
170,1
171,1
172,1
173,1
174,1
175,1
176,1
177,1
178,1
179,1
180,1
181,1
182,1
183,1
184,1
185,1
186,1
187,1
188,1
189,5
190,1
191,1
192,1
193,1
194,1
195,1
196,1
197,1
198,1
199,1
200,0
201,1
202,1
203,1
204,5
205,1
206,1
207,1
208,1
209,1
210,1
211,1
212,1
213,1
214,1
215,1
216,1
217,1
218,1
219,1
220,1
221,1
222,1
223,1
224,1
225,1
226,1
227,1
228,1
229,1
230,2
231,1
232,1
233,5
234,0
235,1
236,1
237,2
238,1
239,1
240,2
241,1
242,1
243,1
244,1
245,1
246,1
247,1
248,1
249,1
250,1
251,1
252,1
253,0
254,1
255,1
256,1
257,2
258,0
259,4
260,1
261,1
262,1
263,1
264,1
265,1
266,1
267,5
268,1
269,1
270,7
271,1
272,1
273,1
274,1
275,7
276,1
277,6
278,1
279,1
280,6
281,1
282,1
283,1
284,1
285,1
286,1
287,1
288,7
289,1
290,1
291,1
292,1
293,9
294,6
295,6
296,1
297,1
298,1
299,3
300,9
301,1
302,1
303,1
304,1
305,1
306,1
307,3
308,1
309,0
310,9
311,0
312,0
313,7
314,1
315,1
316,6
317,1
318,5
319,0
320,7
321,1
322,0
323,1
324,1
325,9
326,1
327,1
328,1
329,0
330,5
331,1
332,1
333,5
334,0
335,5
336,7
337,1
338,5
339,0
340,4
341,1
342,1
343,5
344,5
345,0
346,0
347,4
348,1
349,1
350,1
351,1
352,1
353,1
354,1
355,0
356,1
357,7
358,3
359,0
360,1
361,3
362,1
363,2
364,1
365,1
366,1
367,1
368,0
369,1
370,1
371,1
372,1
373,0
374,9
375,7
376,7
377,1
378,1
379,7
380,9
381,1
382,2
383,1
384,1
385,0
386,1
387,1
388,3
389,1
390,6
391,1
392,1
393,1
394,1
395,4
396,1
397,7
398,1
399,14
400,9
401,14
402,1
403,5
404,1
405,0
406,1
407,0
408,1
409,1
410,1
411,7
412,3
413,9
414,1
415,9
416,0
417,1
418,1
419,0
420,1
421,1
422,1
423,2
424,1
425,1
426,7
427,1
428,1
429,1
430,1
431,1
432,1
433,1
434,14
435,4
436,3
437,4
438,1
439,1
440,1
441,9
442,9
443,1
444,1
445,0
446,7
447,7
448,7
449,1
450,0
451,1
452,1
453,7
454,1
455,13
456,0
457,1
458,1
459,6
460,1
461,9
462,14
463,6
464,0
465,6
466,7
467,7
468,7
469,1
470,1
471,0
472,1
473,7
474,1
475,7
476,1
477,9
478,1
479,7
480,1
481,1
482,1
483,6
484,7
485,1
486,1
487,1
488,7
489,7
490,9
491,5
492,9
493,7
494,7
495,7
496,7
497,7
498,7
499,1
500,1
501,7
502,1
503,2
504,2
505,0
506,0
507,0
508,0
509,1
510,7
511,7
512,1
513,6
514,7
515,7
516,5
517,1
518,0
519,0
520,0
521,1
522,5
523,6
524,7
525,9
526,4
527,7
528,0
529,1
530,9
531,1
532,6
533,7
534,9
535,1
536,2
537,7
538,1
539,5
540,7
541,6
542,5
543,0
544,14
545,14
546,0
547,5
548,1
549,1
550,7
551,0
552,0
553,1
554,0
555,7
556,0
557,0
558,7
559,2
560,1
561,0
562,1
563,1
564,1
565,1
566,1
567,4
568,1
569,4
570,4
571,4
572,4
573,4
574,4
575,10
576,4
577,4
578,4
579,4
580,4
581,10
582,4
583,10
584,1
585,10
586,1
587,1
588,1
589,1
590,6
591,6
592,6
593,6
594,1
595,1
596,1
597,6
598,4
599,6
600,1
601,1
602,6
603,6
604,7
605,2
606,3
607,6
608,3
609,6
610,6
611,2
612,1
613,7
614,2
615,2
616,2
617,2
618,6
619,5
620,5
621,2
622,2
623,8
624,2
625,2
626,3
627,5
628,6
629,2
630,2
631,0
632,1
633,1
634,9
635,9
636,2
637,2
638,3
639,9
640,9
641,9
642,9
643,2
644,2
645,7
646,14
647,14
648,1
649,7
650,5
651,8
652,14
653,9
654,9
655,14
656,8
657,8
658,3
659,14
660,0
661,5
662,5
663,8
664,1
665,1
666,1
667,1
668,8
669,1
670,1
671,4
672,0
673,4
674,8
675,6
676,8
677,8
678,8
679,1
680,3
681,1
682,0
683,8
684,8
685,8
686,8
687,8
688,14
689,1
690,1
691,1
692,8
693,8
694,11
695,11
696,1
697,8
698,8
699,8
700,11
701,11
702,3
703,3
704,9
705,9
706,3
707,3
708,9
709,9
710,1
711,8
712,8
713,11
714,11
715,8
716,1
717,14
718,5
719,8
720,8
721,9
722,3
723,3
724,0
725,1
726,8
727,8
728,5
729,14
730,8
731,3
732,1
733,1
734,9
735,9
736,14
737,8
738,5
739,8
740,1
741,14
742,9
743,9
744,9
745,14
746,14
747,1
748,11
749,11
750,11
751,11
752,7
753,2
754,2
755,0
756,0
757,2
758,2
759,3
760,5
761,5
762,1
763,1
764,10
765,1
766,1
767,1
768,1
769,1
770,1
771,1
772,1
773,1
774,1
775,1
776,1
777,1
778,1
779,1
780,1
781,1
782,8
783,10
784,10
785,4
786,4
787,8
788,4
789,10
790,4
791,4
792,4
793,4
794,4
795,7
796,4
797,1
798,13
799,7
800,13
801,13
802,1
803,8
804,5
805,12
806,10
807,1
808,12
809,12
810,12
811,0
812,1
813,12
814,12
815,5
816,8
817,12
818,8
819,8
820,8
821,8
822,8
823,1
824,8
825,12
826,12
827,1
828,1
829,7
830,1
831,4
832,4
833,12
834,4
835,1
836,12
837,1
838,1
839,2
840,11
841,11
842,1
843,1
844,1
845,13
846,1
847,1
848,1
849,13
850,13
851,13
852,13
853,14
854,7
855,12
856,12
857,12
858,1
859,8
860,12
861,0
862,1
863,10
864,1
865,1
866,9
867,9
868,10
869,0
870,0
871,0
872,9
873,9
874,9
875,9
876,4
877,11
878,11
879,9
880,9
881,8
882,8
883,1
884,1
885,1
886,10
887,4
888,1
889,1
890,11
891,11
892,9
893,9
894,9
895,9
896,6
897,1
898,9
899,9
900,1
901,1
902,7
903,1
904,7
905,1
906,1
907,1
908,9
909,9
910,1
911,1
912,10
913,1
914,5
915,1
916,10
917,6
918,0
919,1
920,10
921,1
922,1
923,1
924,1
925,1
926,12
927,10
928,10
929,12
930,12
931,12
932,10
933,1
934,10
935,1
936,1
937,5
938,1
939,1
940,1
941,1
942,5
943,5
944,1
945,1
946,1
947,11
948,11
949,10
950,0
951,4
952,1
953,1
954,0
955,2
956,2
957,13
958,1
959,6
960,1
961,10
962,1
963,1
964,1
965,4
966,6
967,1
968,5
969,5
970,1
971,6
972,1
973,11
974,11
975,4
976,6
977,1
978,1
979,1
980,1
981,1
982,7
983,7
984,7
985,1
986,1
987,1
988,1
989,11
990,11
991,4
992,14
993,0
994,11
995,11
996,10
997,4
998,10
999,1
1000,1
1001,10
1002,1
1003,4
1004,10
1005,10
1006,10
1007,6
1008,10
1009,10
1010,6
1011,1
1012,10
1013,13
1014,10
1015,10
1016,10
1017,13
1018,1
1019,1
1020,1
1021,1
1022,13
1023,10
1024,1
1025,9
1026,9
1027,9
1028,9
1029,6
1030,1
1031,10
1032,10
1033,13
1034,10
1035,0
1036,1
1037,1
1038,13
1039,10
1040,1
1041,14
1042,1
1043,7
1044,10
1045,10
1046,10
1047,7
1048,10
1049,7
1050,13
1051,7
1052,1
1053,1
1054,6
1055,10
1056,10
1057,10
1058,10
1059,10
1060,10
1061,10
1062,10
1063,5
1064,5
1065,10
1066,10
1067,10
1068,9
1069,9
1070,2
1071,2
1072,10
1073,10
1074,10
1075,10
1076,6
1077,2
1078,2
1079,10
1080,10
1081,2
1082,2
1083,10
1084,10
1085,9
1086,9
1087,2
1088,2
1089,10
1090,10
1091,10
1092,10
1093,9
1094,9
1095,6
1096,7
1097,10
1098,14
1099,14
1100,14
1101,1
1102,14
1103,14
1104,14
1105,2
1106,2
1107,1
1108,1
1109,7
1110,14
1111,14
1112,5
1113,1
1114,14
1115,7
1116,14
1117,1
1118,14
1119,7
1120,7
